1.681946008661189040e+01
1.002708025393401092e+00
2.014436031530147631e+01
7.314811682112898339e+00
3.789309665384205772e+01
6.013529568330648800e+01
2.210362567428460157e+00
3.717712876893508422e+01
1.316874524487729792e+00
8.777142428545305108e+01
1.730756199583187183e+01
4.343475697365641253e+01
2.268902971957369630e+02
4.692543485101158751e+01
3.714730909879410792e+00
2.971641266066497256e+00
4.226169068641701898e+01
1.274347788364312883e+01
4.517017414682852205e+01
3.455039156693698033e+01
1.053471793551270519e+00
9.773079721731063430e+00
9.931424228738397630e+01
9.924895189095737535e+00
1.918679124326850172e+01
1.523606155770317727e+01
8.392261271396028732e+00
7.548664337126218093e+00
7.595591233442580137e-01
3.332987871906206578e+01
2.871714975045899454e+00
1.683446239449342556e+02
6.056156519221046253e+00
2.125965342719865347e+01
2.065429927210121264e+01
4.009099476518625416e+00
3.622347363922988617e+00
1.258269211690403644e+01
4.939209183945467174e+01
1.382409096342014010e+01
7.049665104250123271e+00
8.066720606235403785e-06
1.406623466240510290e+01
1.450498650676288470e+01
8.849408462232786121e+01
7.606328739248337634e+00
1.197048140418119111e+01
2.589448321842086287e+01
2.329350286409292536e+01
8.155894694547952684e-01
9.921924919971125689e+01
8.168023600954098740e+00
2.673202708722745680e+00
2.504820203993218541e+01
2.047907825344292831e+01
1.286576279555861220e+02
7.383169229812382639e+01
7.598697314685435344e+01
1.479520332920063908e+01
5.481045415894224782e+00
1.536616483362847063e+00
7.478778519381433121e+00
2.601709904982224764e+00
4.864823887918961276e+01
1.407771672674211949e+01
6.655271366542548250e+00
4.480704985228979531e+00
4.257679668423691766e+01
8.471300895903809192e+00
2.054780728025673753e+01
3.966213309479658022e+01
2.570510638335544229e+01
1.820722219833886601e+00
6.453037338184394400e+00
7.918478217491475846e+00
9.566521580342982056e-02
1.892868034114847120e+01
2.589379006762741575e+00
4.713038901298265415e+00
3.258652153573515786e+00
1.091704322107122849e+01
3.701427397854617052e+00
7.054736339862682826e+01
6.091724519074380062e+00
1.705965645056120294e+01
1.024597371428188630e+01
6.401923112392270809e+01
2.460224909626364198e+00
1.269650918036242082e+00
1.621641579590554327e+00
6.954297105139922053e+01
1.325223990978787292e+01
7.293758042974125999e+00
4.091288495316482976e-01
1.144839337242328980e+01
4.029438285937556152e+00
8.813541368881960381e+00
6.137591415541726603e-01
3.758584799773968399e+01
7.594582405136710790e+00
1.417965554248612392e+01
3.322145391394707303e+01
1.499418929752776251e+02
2.330304119111920969e+01
1.081143018383426551e+02
8.265530549072456878e+00
4.673197999355076959e+00
5.341262554589737022e+01
3.402291754975284732e+01
4.252213573137034075e+00
1.417287634135341179e+01
4.866319458360342765e+01
5.237970489978721389e+00
3.175292332323462752e+00
6.574557409743373881e+00
1.502927587526495756e+01
1.374094085464375858e+01
3.573446870660633579e+01
3.859426099662333076e+00
2.918397724946534595e+02
1.134304492324942437e+01
6.766589744236106263e+00
5.234367050037088909e+00
8.595524599556020107e+00
2.268655987765869853e+01
1.819255299065080544e+00
8.366544001519787344e+01
2.041221919369864963e+02
3.886544796655864786e+01
7.664825484066234651e+00
4.296500444824465248e+00
1.796799550026784971e+02
5.956909405428858051e+00
9.940769625286252165e+01
1.758148264434841179e+00
1.317240336625413555e+01
1.881222769136407097e-02
5.930471049627970836e-02
1.772473811685637779e+00
2.103765045913949638e+00
0.000000000000000000e+00
5.684949040604401205e+01
5.845906580502460059e+01
3.483569802199402687e+01
5.843839167927070832e+01
4.436037490908016245e+00
7.763458213132352626e-01
4.510686185783460367e+00
1.057774605281112628e+02
8.100591470787586346e+00
1.505364759848898970e+01
9.833978830854197550e-01
2.019467215733402909e+01
9.278017251777280094e+00
6.371252461340872486e+01
2.667135254679974921e+01
3.446745962844473610e+01
1.270256892147389038e+01
3.987720491671817413e+00
3.627943160137506950e+00
4.580512878513584241e+01
4.778585722998929697e+00
6.311329803451632969e+00
6.044892161852209256e+01
2.259016394770625880e+00
2.935218718976457739e-02
8.103144957544609284e+00
1.830462132704375477e+01
7.202055899147451612e+01
2.464031429082182978e+00
3.032984404073133522e+00
8.412115239602324834e+01
1.916177168644252760e+01
3.119960644538712913e+00
1.435770467358601898e+01
1.938193843241633019e+01
4.457756232452459244e+01
1.105026868967057929e+01
8.103137146733261886e+01
7.497470732726772447e+00
3.184341083566276254e+01
1.416410102514078062e+01
7.099380102016338512e+00
7.637151898415488027e+00
2.580995565479865377e+02
5.191761200459125547e+01
1.399912745814151016e+01
1.105073505789977428e+00
8.273122469757964836e+01
3.365745567454641218e+01
1.396034185205555334e+00
7.840878105271652743e+00
6.015771292333608855e+00
8.768547833748510101e+00
4.819314016065721074e-01
1.479588213325049306e-01
5.479338885056461095e+01
1.257621498999153786e+01
7.507875933416698011e+00
1.821079979994658160e+01
2.792895162061797976e+01
1.069262827288734314e+02
4.590884173939813451e+01
2.605205050827301250e+01
0.000000000000000000e+00
5.146941315730275404e-05
5.703722777202226979e+01
1.036782895057076104e+00
6.208308911062971891e-01
5.189865689298294882e+01
5.383193665549549678e+01
1.087638348151023004e+00
1.897900511819721459e+01
7.494129432080114839e+00
1.860200488076306513e+01
1.221278254652185780e+02
2.913887627870381181e+01
1.031444685209236241e+02
1.129647413928499411e+01
4.625891229153268114e+00
4.377169789706963599e+01
1.864063518058190994e+01
1.215785362993952390e+02
7.894628649153573319e-01
3.339460870498312772e+01
7.339861907234332250e+01
3.912073097180496450e+00
1.110605548483507619e+02
5.139576314078869501e+00
2.910287920514446824e+01
1.965234784262712253e+01
7.932617257801670263e+00
8.768925375836852254e+01
5.948228980927296128e+00
1.062530973205732865e+00
2.650330815374632110e+01
2.076362209042791562e+01
1.404445660534931051e+01
2.948557580536349576e+01
2.834513541888172394e+00
1.791511369239405571e+00
5.221014653092765911e+01
2.532462361369156056e+01
0.000000000000000000e+00
3.234051541155669440e+01
1.549267077285533212e+01
9.493638130485653193e+00
9.536231663529912694e+00
3.145726061054450184e+01
6.783438850118717767e+01
3.358464810959007618e+00
2.984521389594371144e+01
1.832827465036356074e+01
1.138717418672395780e+02
2.292756841008704782e+01
1.468311299725173455e+02
7.991493169275414310e-01
0.000000000000000000e+00
1.894618463616811255e+01
1.086080299059702625e+01
1.519324387597896830e+01
6.981772578181586653e+01
4.466780934524530622e+00
0.000000000000000000e+00
4.790690107343720427e+01
3.197042060004209763e+00
4.305315142149682833e-02
1.316264858351549805e+01
1.198386326360566834e+01
1.005674030590788881e+01
3.432774527055339320e+01
9.897349151742044171e+01
1.817783874355902052e+00
1.207476558940804168e+01
1.222983737217985656e+01
4.243792522205163209e+01
1.045278325563027827e-01
9.043936738697651023e+00
8.799084082403545892e+00
6.458481853952091178e+00
7.632138065004937744e+01
1.698679953279417718e-02
3.872977375146767542e+00
2.070051073916731710e+01
2.905662662086594494e+01
2.803023104941477328e+01
1.133403320479652052e+02
2.975998089713772998e+01
2.597856210084664141e+01
3.141473912047556549e-01
2.921838486132809720e+01
1.702928740451084266e+01
7.921085718273778298e+01
5.803166300353520768e+01
1.526176431472176773e+02
2.721077628854161046e-01
8.185065047599680454e+00
6.639515671020268428e+01
2.363996595400213963e+01
8.258234822454771917e-01
7.712606770063334238e+01
3.117950680705884992e+01
3.393190596737002807e+01
8.017081991976652944e+00
1.654809334944248089e+00
3.180963590362980753e+01
5.019602354557411994e-01
5.258534422588788892e+00
3.861228972026061967e+01
3.584799172115019417e+01
1.226678750175842580e+01
1.678363419454311156e+01
3.520967622005485964e+01
1.028615205467348304e+01
2.130850296111494302e+01
0.000000000000000000e+00
1.939160202529550503e+01
2.956193494166256741e+01
2.260175155250429224e+00
2.765677795519809745e+00
1.041811527164476914e+01
1.006406974924930608e+02
1.632931716694787871e+00
2.148438427885330881e+01
1.011414020548973625e+01
8.425703131037339588e+00
2.264466169759024865e+02
2.946230742697386162e+01
1.144119935217077852e+02
7.094739008738243058e+01
2.053915108946312351e+00
1.371976658002681226e+01
1.569687741847423190e+01
3.949202398582816187e+01
1.860787211395645291e-01
7.036279808304088057e+00
5.420458297202232956e+01
1.258392857796392761e+01
8.085049162538627598e+00
6.858301326637291595e+01
4.662596743785013542e-01
3.435473880806103608e+01
6.414615499305003965e+00
2.173227054110356349e+01
1.824192193382058136e+01
2.799364409900252593e+00
1.500239446022146517e+01
1.228632983611337082e+01
2.716315614823578084e+00
3.181727596682124215e+01
2.369668006685559547e+01
2.379366025234588022e+01
1.119547830024585622e+01
4.016489476166480443e+01
6.836522169540376126e+01
6.097648317955710606e-01
1.644427212586179223e+02
4.267633561065579784e+00
1.246362368801683829e+02
2.573054488783624194e+00
2.380307088649535530e+01
1.964970460063119972e+01
2.826440858264752265e+01
1.077228391696473153e+01
0.000000000000000000e+00
2.939751656093005749e+01
9.244946056422294944e+00
6.047704479558458956e+01
4.360182979286261684e+01
4.450123349642298165e-01
4.625819352822272634e+00
9.190486986792944180e+00
7.416468509477144266e+01
2.424601307308653020e+02
3.444713301949728645e+01
7.617069999981188744e+01
7.305944121859473395e-01
4.205973833803884787e+01
2.683887359793887040e+00
1.743780320589039690e+01
3.097459240428329999e-02
1.874960853189590537e+01
3.454770766367474266e+01
4.578946048410618141e-01
7.321640910854758033e+01
2.466575700192368572e+02
1.318178372247049701e+01
3.494716880240206791e+01
1.320907644074177600e+00
1.054044449184748267e+01
3.715852877385998454e+01
1.723352627944072424e+01
2.347639416604615548e+01
5.400270566369916025e+01
2.410463577162349580e+01
5.311169571584411386e+00
7.288972107144238599e+00
1.882065437691592535e+01
7.333984127240130491e+00
8.837157121850447439e+00
2.346288301034028301e+00
3.473188503575097741e+01
8.916265364062349263e+00
1.078297862301280219e+02
2.450654247296987887e+00
9.630319317207904073e-02
3.007585423437149075e+02
3.343148302537286565e+00
3.412306392023387502e+01
1.054044449184748267e+01
6.095952839441681093e+00
8.148552473285531050e+01
3.007585423437149075e+02
1.479394510627048120e+01
1.244840900779497339e+01
1.752349214071350403e+01
1.593547686512530959e+01
7.321640910854758033e+01
2.926507469473398260e+01
2.483115064753859258e+01
1.899987050950330669e+01
1.918819854237555376e+02
3.932064726077094896e+00
4.065213225880345838e-01
1.389939451456731812e+00
4.668398795940294832e+00
1.071888285501545468e+01
1.141211843450792784e+01
7.204350395577248101e-01
3.516925232869558271e-01
5.246829698812247145e+00
2.648691679259434295e+01
3.579880159932627492e+01
6.305677990156732804e+00
2.179469661143150550e+00
5.650058115783070711e+00
2.540662465522612123e+01
2.299588516545580319e+01
1.232437317444485814e+01
6.893031337573106931e+00
1.219138043680302985e+01
3.530615113219771928e+01
1.336833697873539961e+02
4.449556427148145588e+00
3.187100963319775815e+01
2.241243638357392598e+01
1.031838526111937853e+02
2.346556302217883347e-02
9.892164774910540359e+00
6.578843254476511504e+01
8.235667930016178362e-01
3.077319523345463637e+01
2.128426252515304782e+02
1.633994845706136232e+02
3.767383095336093390e+01
6.960123482112394733e+00
2.256581987759183150e+01
1.014449761520592403e+02
2.405312943449595409e+01
2.157075817673630436e+00
9.787710193385124047e-01
2.299588516545580319e+01
1.102525541051486329e+02
4.815999411465485380e+00
9.268466732242069384e+01
1.693041214710756748e+01
2.318539791103229122e-02
2.106480284188642749e+00
3.941241261651186534e+01
3.421003617118975271e+00
1.647593127093481939e+02
5.382559144503694881e+01
3.207229322081294498e+01
2.346556302217883347e-02
6.162337165380465720e+00
3.766133152996664535e+01
2.051421023335757354e+01
1.179251495836133188e+02
1.161850171859842185e+01
9.390194480286606638e-01
4.831379467966113950e+00
1.451889900294893287e+01
6.493427960785332687e+00
2.800171541129389929e+00
2.359503878881544381e+01
1.497171805270630873e+00
2.584430121551339994e+02
8.354034086462728936e+00
3.939464707203852356e+01
1.111749758663532894e+01
1.336833697873539961e+02
1.733937146694798415e+01
4.567487741713258664e+00
1.400336905725435486e+02
1.482157845559457421e+01
4.838172704642301625e+01
3.577868832464252336e+01
9.031318556452735891e+01
5.448951167662879236e+00
1.950262902654090169e+01
1.146207134016267162e+02
2.708435180536806541e+01
1.503626766420675409e+01
2.916415428719789205e+00
3.773804021077014426e+01
6.089175459102158783e+01
4.565216539497097870e+01
8.050679178228791200e-01
2.675091919252349726e+02
7.237128077206409671e+01
3.378731870113974622e+01
1.499639956705272823e+02
1.725792877866006592e+01
6.484207414376324863e+00
6.107205475184097843e+00
7.697733989771342067e+01
1.022794035689727288e+01
4.059417766522076221e+01
7.501684231722865803e+00
2.405351243698025954e+01
2.203434733302028192e+01
3.290465734978285184e+01
1.094188782628495638e+01
1.406402089295456292e+01
8.060558289991645253e+00
1.499639956705272823e+02
2.440602358516212078e+01
1.062007694457512841e+01
1.431199986824180925e+01
9.233141257506479960e+00
8.660150497885906518e+00
1.146207134016267162e+02
4.910370719185401356e+00
5.643959115863815157e+01
8.443536366912997693e+00
1.170487853126281053e+01
5.828964818883054733e+00
6.321500296756374482e+00
2.107556495520945816e+01
4.369206095038992288e+01
9.031318556452735891e+01
4.147580757078044655e+01
1.491236343123562014e+00
1.457852015436806958e+01
1.664115396069141894e+01
3.367023508422180900e+00
2.000300629360180338e+01
9.468177093409457257e+01
2.064647534365523995e+01
8.014162131505493392e+00
3.844433229989925849e+01
3.422149152918515735e+00
9.484382340950675427e+01
1.674826852510170738e+01
2.415885953013473042e+01
4.559210305567344790e+01
2.667135254679974921e+01
4.360182979286261684e+01
7.921085718273778298e+01
3.322145391394707303e+01
5.128526146627858395e+01
8.421001549860280022e+01
1.110605548483507619e+02
2.504820203993218541e+01
2.440602358516212078e+01
7.632138065004937744e+01
1.785261729111418560e+01
2.605205050827301250e+01
